31
1
17
28
26
7
2
29
21
2
22
24
23
15
2
22
27
25
26
25
18
28
1
7
27
2
19
4
10
4
13
15
3
2
3
22
19
8
2
10
18
2
11
26
27
1
10
13
22
3
14
4
9
20
9
6
20
10
29
4
11
3
22
6
18
4
1
22
3
29
5
21
11
30
8
19
10
2
20
5
2
13
12
23
21
7
9
10
13
5
18
12
2
23
5
8
20
27
23
29
18
21
8
1
1
6
18
19
15
22
20
26
10
1
14
8
26
14
28
10
16
6
26
2
1
18
8
13
4
9
19
13
4
2
1
9
5
12
27
3
26
13
6
11
29
1
1
19
23
28
4
2
3
9
14
3
3
12
17
5
16
13
3
11
9
21
24
3
10
20
9
21
26
21
1
3
17
1
12
18
2
22
11
15
14
1
2
22
18
10
23
4
18
7
10
18
8
13
30
1
23
19
14
12
12
5
24
15
11
5
23
17
18
15
18
7
10
20
6
7
24
15
25
3
14
8
8
26
17
1
14
19
1
16
2
17
13
11
15
11
6
11
3
25
25
22
2
12
17
23
4
25
12
13
11
19
17
14
2
23
14
19
15
26
4
20
13
8
8
21
9
4
16
3
2
18
22
1
1
20
9
20
4
17
12
30
24
10
5
2
3
23
26
15
13
14
19
5
21
6
30
7
24
14
18
4
3
5
25
13
6
18
7
23
7
7
2
17
14
19
12
22
2
23
4
25
7
28
8
22
16
4
16
6
27
2
14
11
26
4
20
11
18
24
1
11
1
19
22
6
21
10
6
15
10
22
4
11
26
22
15
7
19
4
4
11
16
12
16
17
28
11
28
3
17
24
4
24
6
6
5
24
10
8
11
15
3
5
8
3
11
7
3
6
18
22
4
19
9
12
3
24
17
7
2
9
11
9
18
4
4
9
12
9
9
2
27
14
28
31
1
6
11
2
7
7
12
22
24
20
17
17
20
4
21
13
25
19
7
26
15
21
3
5
10
23
3
27
4
10
25
9
12
15
6
2
22
16
8
6
16
5
11
13
24
12
10
28
22
13
20
29
12
12
8
18
27
1
23
20
12
19
24
17
18
7
7
21
17
4
20
3
13
10
2
5
1
22
12
21
10
22
3
24
5
14
3
5
1
4
13
25
16
13
5
1
9
5
15
19
10
4
27
8
9
7
6
9
9
14
18
15
4
21
1
5
24
19
6
13
22
10
16
5
7
8
8
12
19
10
9
6
21
14
2
6
15
26
23
12
7
24
10
15
16
11
5
2
10
6
24
10
4
26
8
21
2
11
14
26
25
25
6
6
14
10
11
2
13
25
12
9
12
14
17
20
4
1
2
8
13
16
29
23
22
25
14
26
20
14
5
11
28
20
1
10
17
7
8
18
1
6
27
1
25
25
8
14
25
21
10
7
13
8
17
11
12
27
17
17
15
9
16
7
20
20
10
15
12
5
18
8
13
9
28
24
23
16
28
3
16
20
8
4
27
2
16
6
16
21
8
14
30
11
12
12
19
3
5
19
25
9
15
14
11
12
4
9
28
15
17
1
10
10
11
24
23
2
4
20
16
19
12
2
26
3
15
5
25
18
6
1
1
23
21
10
7
27
18
9
5
27
16
19
6
26
6
22
12
9
12
19
29
21
10
28
11
3
5
16
6
18
11
1
23
24
29
29
18
9
3
8
6
13
17
31
10
5
15
5
10
12
6
8
24
23
1
20
17
22
28
17
6
9
14
27
18
13
16
8
10
24
2
4
1
26
10
25
16
19
9
10
24
19
24
2
26
6
1
6
4
1
22
6
25
13
17
13
8
11
24
15
27
15
14
4
4
13
2
26
20
17
18
31
1
17
11
1
28
26
5
23
5
1
29
16
11
23
4
24
14
8
16
2
9
5
7
7
8
20
11
22
21
23
7
28
30
20
2
8
6
20
9
21
15
1
18
9
21
15
16
16
11
5
3
15
30
21
12
7
30
24
16
6
25
2
9
21
5
12
18
13
22
28
15
2
3
4
7
18
27
3
9
5
1
6
5
9
8
2
13
23
7
15
14
4
6
11
17
7
7
5
25
3
15
4
13
3
14
30
23
16
5
13
21
4
7
18
14
17
16
12
17
29
20
28
13
13
27
11
27
3
3
10
23
10
1
6
27
10
17
7
17
7
16
12
16
6
5
21
17
26
19
8
9
14
8
7
9
25
2
21
19
28
19
20
3
2
14
18
4
22
2
4
6
14
18
8
5
16
19
