325
1
2
3
4
1
5
6
7
3
8
9
4
10
6
11
12
13
3
14
5
296
7
9
12
15
13
15
10
6
14
11
16
16
2
17
18
19
20
21
17
232
8
22
23
24
21
25
26
297
179
9
5
23
19
298
20
22
27
16
24
18
28
29
27
29
30
30
31
32
14
299
28
26
15
33
31
34
35
204
36
32
37
1
33
38
37
27
25
39
11
38
40
41
21
42
4
36
43
44
210
43
34
45
42
4
46
44
39
18
40
40
47
46
48
49
300
50
47
51
17
37
52
53
45
54
50
35
25
55
56
49
31
35
56
48
54
41
57
29
301
51
58
287
55
38
59
58
60
12
57
61
62
53
63
52
63
64
65
61
66
49
67
67
44
60
68
69
59
70
71
64
40
65
23
62
302
72
32
73
20
70
74
72
69
71
66
58
303
75
76
73
75
68
217
11
13
20
77
78
79
7
80
80
81
82
83
79
84
85
81
55
57
273
10
86
76
47
87
24
88
89
86
70
19
88
90
79
3
84
77
87
83
91
92
93
92
66
61
76
89
86
52
74
94
43
95
36
85
286
96
97
67
2
95
93
91
28
98
82
68
83
98
94
95
96
42
244
78
22
99
54
100
101
100
91
102
103
325
30
45
102
46
56
50
90
53
99
304
104
302
1
31
105
106
97
72
107
90
64
84
108
109
110
111
8
39
101
109
112
113
82
114
26
78
81
295
104
111
115
10
103
116
24
48
106
76
113
115
116
107
117
118
119
112
105
80
120
85
228
108
121
119
96
120
99
122
99
123
117
118
85
121
124
125
123
114
124
126
59
96
127
128
129
127
100
130
63
305
73
117
131
110
129
106
125
122
74
113
132
69
46
111
133
134
126
135
87
136
77
65
132
298
112
126
137
138
107
101
133
88
131
139
120
109
140
130
125
131
91
135
292
137
104
141
130
128
123
138
134
142
141
114
264
143
235
12
55
306
144
142
145
307
139
146
147
144
307
147
148
149
139
136
237
148
37
140
150
103
151
78
152
153
145
151
104
64
150
154
51
225
12
119
129
155
156
34
146
152
157
158
149
157
71
159
154
159
16
115
160
153
161
121
162
158
135
89
163
164
117
165
308
138
166
156
140
167
168
156
164
169
299
143
106
137
77
306
167
155
170
169
167
169
134
141
166
97
162
154
161
171
111
172
173
163
98
174
60
168
284
170
142
65
323
147
171
81
175
161
110
304
143
176
175
177
127
178
179
179
108
144
26
41
180
165
181
172
116
266
139
174
182
94
181
160
172
283
176
309
183
184
132
124
182
44
151
15
173
185
82
186
184
153
186
187
178
180
50
150
188
181
90
69
189
310
178
190
191
183
192
193
153
177
194
102
192
185
165
147
94
184
57
188
191
177
10
152
195
182
29
195
196
276
187
155
254
193
300
303
186
197
196
197
198
105
199
294
311
194
312
136
154
189
200
201
172
202
190
203
202
313
204
183
185
176
205
305
201
204
108
200
198
173
314
180
206
206
196
199
125
207
171
194
122
208
187
175
199
143
41
145
209
210
211
7
201
174
212
195
149
205
213
168
206
314
214
62
118
52
128
215
203
93
313
216
158
231
217
148
160
207
189
218
219
170
213
218
214
208
212
195
177
220
217
209
84
221
211
68
222
210
105
223
224
225
324
226
215
227
75
214
228
315
221
246
229
285
260
109
166
230
213
229
216
62
211
222
225
231
224
207
310
193
92
226
232
230
215
233
146
234
235
191
234
231
203
236
93
237
235
175
219
237
209
238
113
317
239
240
241
242
241
223
316
243
236
220
243
244
233
228
45
190
245
242
212
244
311
245
246
247
227
246
240
248
249
239
232
205
238
247
250
166
214
203
251
216
259
248
252
226
252
253
247
159
224
254
255
256
220
162
127
257
308
251
258
222
258
223
259
317
260
254
253
318
79
261
36
2
262
260
196
263
208
264
249
255
248
27
264
265
192
261
249
197
131
262
163
217
200
258
256
239
157
266
265
174
156
267
268
66
277
269
270
257
263
301
133
251
271
54
270
272
87
267
271
232
273
253
250
274
236
265
47
275
268
215
115
266
270
269
276
274
277
272
278
275
188
273
268
267
136
202
279
245
280
281
279
319
241
242
278
261
282
283
231
282
284
220
285
257
184
286
252
287
320
276
321
284
288
255
281
20
285
315
250
229
318
281
289
164
290
288
291
274
280
221
291
259
277
292
322
233
297
269
293
33
230
290
293
38
271
294
250
268
294
295
240
262
289
296
