76
1
41
1
54
1
2
30
2
58
2
49
1
2
52
43
30
29
21
21
42
3
41
72
3
20
28
36
12
70
35
42
61
30
4
38
73
2
3
25
1
4
5
28
4
3
31
33
60
27
9
25
1
64
51
33
15
32
46
34
46
71
54
18
3
68
65
4
45
54
15
51
2
42
3
71
5
53
33
4
30
5
45
73
44
5
1
4
60
57
25
6
12
7
17
46
69
66
48
43
70
45
1
67
67
4
28
48
6
6
72
8
8
2
25
44
46
55
32
6
47
54
5
4
55
7
39
13
7
65
8
44
37
32
5
29
3
33
31
26
47
8
31
8
61
62
7
8
20
48
57
47
6
61
33
47
4
39
9
2
72
33
42
48
8
62
20
21
47
34
31
7
9
42
28
7
12
61
1
44
41
50
32
6
54
33
9
2
49
3
10
45
7
51
57
8
14
25
27
55
2
55
47
21
34
34
41
5
10
24
40
10
33
48
37
1
9
32
7
10
35
7
5
14
19
49
46
10
35
9
11
58
11
35
11
43
16
39
60
1
4
18
9
56
31
38
48
35
54
64
56
28
49
11
40
72
62
11
5
17
54
33
5
62
65
11
17
57
20
33
28
9
30
61
48
61
48
12
64
9
1
9
66
13
39
45
6
15
7
12
55
37
47
26
34
6
10
36
28
10
7
2
42
11
36
71
1
63
37
30
24
42
63
14
9
12
37
41
4
7
12
30
66
8
57
13
9
40
66
15
22
12
65
13
14
4
5
31
61
16
56
35
36
27
49
27
15
13
36
28
12
60
34
19
13
15
14
54
16
11
37
52
45
38
54
46
2
38
4
56
3
10
10
16
71
37
30
17
9
2
14
15
4
33
56
72
8
18
12
48
34
13
5
17
42
17
29
29
68
15
68
48
67
68
34
40
14
59
50
55
46
12
15
35
62
10
48
71
53
55
55
27
46
53
10
41
9
51
41
62
11
10
14
22
32
20
38
36
6
44
74
17
13
11
22
64
35
18
36
7
39
5
51
49
44
36
26
16
43
62
8
19
28
13
19
3
35
16
43
35
18
20
45
14
14
11
57
59
12
57
61
46
26
40
2
18
36
32
9
16
37
17
50
6
14
63
57
31
26
30
14
4
46
32
66
55
39
40
38
24
13
12
36
64
57
37
34
2
69
35
75
50
47
20
38
38
48
27
29
38
43
17
60
26
35
39
20
23
18
12
6
64
39
41
15
20
14
37
23
19
59
41
21
12
38
55
16
19
21
58
56
67
17
35
19
4
18
8
62
36
59
46
23
9
45
23
20
7
21
53
36
22
53
39
69
20
73
38
15
51
58
67
11
35
64
50
42
41
23
20
56
74
33
51
18
64
69
20
47
13
19
60
44
18
34
1
38
57
19
68
57
31
37
10
35
23
13
38
52
24
58
17
19
54
6
17
21
21
27
27
22
36
58
40
24
1
21
22
6
32
6
8
69
41
16
68
58
13
42
64
16
23
21
39
49
40
20
25
3
19
24
25
20
26
8
60
5
18
20
47
71
24
22
3
26
23
3
61
44
56
65
43
5
66
59
24
42
3
16
68
39
51
43
46
24
52
51
58
18
15
7
67
22
53
52
43
21
40
62
73
42
8
5
18
3
58
56
8
33
49
16
67
67
39
19
14
31
23
59
40
23
76
45
16
23
18
47
51
3
23
42
13
40
48
25
40
18
29
14
55
25
26
73
19
27
49
33
34
51
48
6
16
10
43
17
59
25
2
13
42
26
7
72
45
63
60
43
15
15
50
50
26
54
11
20
47
22
50
50
17
65
54
44
52
7
34
27
44
52
10
11
37
27
37
68
61
18
63
69
22
22
62
5
23
66
22
52
44
53
49
38
71
56
28
65
34
26
22
66
25
24
32
44
29
53
38
24
61
44
19
40
30
59
26
39
21
10
49
11
53
52
63
47
40
24
28
26
19
34
23
29
41
51
24
25
3
16
42
60
36
52
29
74
49
43
60
56
64
61
15
45
50
25
23
52
11
30
53
63
43
65
28
21
45
29
29
20
70
22
54
29
12
25
69
69
58
14
44
18
15
22
49
46
53
26
57
19
37
67
27
36
30
1
8
30
45
57
67
41
58
30
47
50
50
39
52
39
65
39
16
53
2
28
17
47
46
59
67
48
46
31
26
59
31
46
53
28
63
12
26
32
27
61
50
29
28
12
31
13
28
70
34
32
70
19
1
66
30
25
70
60
3
1
51
52
74
17
32
27
11
28
