196
1
2
3
4
1
3
2
2
5
144
3
4
111
6
6
110
7
3
8
2
9
1
4
10
8
10
7
5
109
7
5
181
6
141
11
12
8
143
11
4
13
127
10
8
12
14
108
142
182
15
6
16
16
5
11
17
13
7
9
18
13
14
146
16
8
17
9
14
106
142
50
15
145
19
13
132
19
146
16
17
147
11
144
18
137
22
20
165
21
21
22
188
81
15
19
23
12
20
195
21
146
146
24
147
22
5
6
25
23
23
148
22
20
26
27
149
67
1
24
26
25
150
12
28
29
30
27
10
29
183
21
192
25
26
23
15
9
30
31
18
4
163
24
130
139
14
30
75
2
28
27
29
28
4
19
32
32
33
151
33
141
13
136
130
11
31
34
34
27
145
3
151
148
35
152
36
153
37
1
37
33
31
36
38
39
29
40
38
38
30
18
22
154
154
180
143
14
34
40
41
42
144
21
101
41
42
39
32
32
184
149
43
44
45
35
155
45
43
40
35
37
39
40
41
46
17
47
26
39
48
47
42
36
48
156
29
62
153
45
138
41
152
44
49
120
50
36
49
46
150
46
43
16
51
157
52
43
155
50
48
47
44
15
50
53
44
54
25
53
45
8
38
20
50
13
148
54
19
48
186
51
148
47
42
55
17
149
56
158
57
155
41
58
52
51
185
53
145
49
18
149
56
58
57
55
137
143
59
193
54
10
183
56
35
60
33
56
59
28
61
32
60
40
59
7
186
62
175
63
154
35
62
64
65
158
158
155
152
63
56
150
52
65
18
64
156
147
34
159
53
156
61
151
24
151
64
66
57
67
55
54
86
66
66
19
58
44
160
12
153
60
68
16
61
69
46
51
145
184
61
186
187
144
172
68
11
70
140
57
9
37
67
71
69
72
70
24
50
72
34
62
160
73
170
157
73
177
72
3
63
74
65
71
182
57
166
63
161
162
69
75
163
153
43
163
178
40
190
25
2
73
70
51
34
52
52
68
76
136
50
65
151
143
47
77
77
66
183
157
74
178
67
32
141
28
175
75
187
78
161
1
103
60
76
62
49
76
67
79
79
64
126
100
159
71
77
78
177
179
45
70
143
80
79
149
162
80
75
126
22
61
81
58
82
82
81
83
78
30
164
84
83
85
84
98
160
80
85
72
86
65
123
74
165
38
157
46
15
166
53
78
82
87
83
47
75
31
156
27
166
81
73
192
36
77
71
70
86
88
87
78
162
163
87
156
89
167
10
146
4
167
89
76
184
88
10
185
29
187
134
80
85
90
84
186
85
35
135
89
164
63
12
188
41
150
64
66
90
91
59
57
168
5
133
90
169
26
82
77
92
88
58
62
84
93
94
170
95
68
55
45
72
92
183
96
84
152
97
91
98
91
94
165
95
99
27
33
170
23
79
93
95
97
43
96
99
125
55
69
112
100
93
94
161
127
101
98
171
101
101
147
98
90
99
164
33
83
171
108
74
59
42
100
73
74
96
75
67
97
169
184
84
86
31
166
122
7
99
187
1
100
20
39
115
101
165
168
154
91
102
103
102
92
104
88
149
91
54
128
24
92
103
57
168
105
167
106
90
105
106
107
169
64
94
102
172
97
160
103
70
111
108
104
109
110
40
111
104
155
98
111
173
60
174
105
108
171
196
110
169
82
92
193
112
111
76
106
109
96
103
108
58
125
107
175
121
77
113
93
114
81
112
114
112
71
72
112
174
168
81
107
173
105
17
111
113
105
102
115
113
86
189
116
116
170
170
36
100
175
56
115
117
46
188
114
118
173
185
102
176
119
106
117
119
165
177
59
119
38
104
118
83
95
99
172
89
107
118
107
164
189
162
8
190
176
114
172
139
120
142
98
121
82
120
20
37
109
113
117
121
89
110
122
63
122
77
97
115
101
111
122
123
95
116
123
70
178
176
168
95
124
11
124
121
120
125
126
173
123
110
39
13
127
124
94
128
68
159
175
118
119
128
48
154
129
127
118
179
125
96
80
129
126
162
124
130
51
88
32
131
127
42
92
132
18
110
113
120
116
133
134
129
177
133
130
132
125
119
129
135
48
31
174
128
178
179
93
126
183
191
136
134
119
133
134
123
86
41
128
180
180
112
129
135
135
150
126
136
102
51
167
100
131
125
152
137
159
138
52
49
87
182
97
139
176
136
85
48
15
138
192
137
131
156
140
135
89
181
131
133
139
161
181
134
121
69
141
115
130
124
140
94
114
138
137
141
142
143
174
191
121
142
163
139
194
92
132
178
167
140
