129
1
2
2
3
126
1
1
112
3
4
5
113
1
4
5
56
4
6
54
84
41
6
7
113
14
68
2
2
6
114
66
74
8
7
94
1
102
2
115
8
112
2
3
110
18
66
100
97
98
8
3
9
7
7
63
5
4
112
10
5
17
9
119
5
4
92
10
61
11
6
11
7
11
9
72
9
12
13
112
71
64
8
44
12
13
12
8
10
3
13
70
8
71
4
14
103
75
10
128
1
16
12
13
89
124
14
15
6
89
15
73
69
33
11
16
10
119
16
14
17
16
14
12
91
32
59
82
17
11
5
15
6
86
7
9
17
12
64
72
117
44
50
72
12
18
13
9
99
16
74
125
50
8
34
17
47
3
69
94
72
18
19
103
20
19
34
9
75
98
17
21
38
100
67
20
109
18
15
75
17
98
81
16
73
53
71
76
19
18
21
76
22
116
3
5
29
75
23
77
21
101
22
23
73
95
78
14
37
24
23
22
25
70
9
74
25
22
20
77
112
78
18
83
1
10
7
55
95
114
76
24
25
26
96
95
15
74
76
11
22
38
74
102
43
127
27
20
28
76
26
23
16
106
72
4
20
27
109
5
6
21
101
78
28
18
70
79
69
82
75
26
29
15
27
25
19
86
79
74
26
23
53
72
8
97
80
12
100
83
14
18
23
8
106
51
77
21
63
120
15
28
4
80
17
75
80
30
24
67
29
75
14
18
45
81
29
24
28
16
22
31
81
19
65
104
82
27
79
31
17
4
68
24
30
31
77
27
75
76
32
25
89
24
82
30
27
121
96
32
33
32
64
92
27
63
121
32
129
34
97
33
33
25
20
11
60
117
23
76
13
68
97
34
78
21
30
90
99
20
15
25
33
77
102
32
22
29
78
75
28
26
34
35
26
83
35
77
82
36
81
87
35
70
19
34
57
31
74
36
10
105
37
101
119
38
81
29
23
37
39
40
98
30
83
70
103
29
104
36
38
9
29
121
49
36
34
103
119
96
33
39
41
84
35
79
23
81
41
102
30
42
99
38
120
62
122
39
2
98
79
40
44
83
35
58
51
84
41
14
40
32
43
26
31
40
38
43
61
41
21
36
115
39
36
42
31
11
21
83
111
22
36
97
26
31
85
94
85
42
37
37
44
73
5
113
115
19
85
46
101
42
43
73
44
2
43
34
122
114
78
45
69
28
78
45
12
18
45
44
93
96
22
105
39
21
43
104
105
100
67
46
113
47
106
73
57
24
4
3
37
87
19
40
46
2
85
113
20
36
37
48
49
100
86
87
106
15
107
83
44
14
50
104
43
45
83
46
47
25
100
107
86
80
71
41
103
47
111
120
47
40
33
66
84
87
87
48
41
52
88
14
50
35
40
3
85
39
46
51
79
117
84
75
28
50
42
31
51
74
4
86
48
52
87
61
123
69
59
50
49
38
101
42
70
53
114
8
53
49
54
9
118
30
36
91
32
95
52
30
80
52
89
51
10
51
89
126
33
92
42
25
43
36
13
86
102
16
79
54
28
17
55
55
104
37
87
105
26
11
73
38
47
40
124
80
23
42
86
12
104
80
19
101
56
53
77
45
57
84
54
90
111
29
41
38
48
71
119
87
116
116
53
47
47
44
46
56
54
48
106
107
82
115
68
88
91
92
7
108
88
71
88
82
92
97
55
124
92
91
117
89
35
112
49
57
89
54
98
101
10
86
93
49
51
92
93
90
5
58
32
52
56
52
40
118
80
57
20
56
109
59
109
53
79
7
59
106
90
57
91
73
113
58
58
59
60
52
56
85
91
48
94
90
39
60
48
93
114
61
88
46
48
45
51
121
59
49
60
56
50
27
55
48
95
31
55
110
57
65
51
109
59
84
58
61
109
62
63
45
63
109
55
68
60
57
103
110
57
6
52
46
88
27
103
62
62
64
108
122
64
36
40
88
102
24
49
102
107
6
22
105
81
87
45
50
64
44
90
115
95
108
71
84
84
67
93
123
1
107
58
61
62
75
60
90
53
65
116
81
52
105
55
60
96
94
65
66
113
81
96
27
41
53
59
63
63
60
18
51
50
65
56
110
66
59
63
15
58
93
116
67
35
65
5
67
115
64
35
68
62
97
49
118
68
78
67
98
100
40
58
99
72
66
69
70
69
42
54
62
68
61
89
110
63
108
57
69
69
61
48
68
118
108
64
13
127
125
94
65
107
67
71
4
85
71
67
44
66
37
66
96
110
32
99
1
111
70
65
97
72
99
94
122
99
73
63
100
88
80
111
