43
1
2
2
3
3
4
5
1
41
3
1
34
3
27
2
23
19
37
35
1
1
28
6
4
4
18
26
5
4
6
29
29
15
7
19
25
16
22
21
30
7
6
2
20
22
40
30
8
38
9
24
8
30
35
3
8
10
7
9
9
10
4
10
6
40
29
34
39
5
39
11
12
39
10
13
14
2
13
5
11
31
3
12
22
8
1
10
40
29
32
11
10
2
37
5
27
2
7
12
15
24
13
14
7
13
9
17
18
5
16
14
4
16
37
15
9
32
15
35
17
7
17
6
11
18
31
36
16
15
19
20
5
39
13
17
20
13
32
20
17
3
28
20
18
18
17
19
15
13
7
34
6
12
21
16
33
26
22
28
12
40
23
10
14
32
21
28
31
21
10
14
34
24
32
36
33
33
18
22
27
24
37
41
13
30
27
42
14
24
29
18
12
26
2
1
3
8
18
6
20
23
21
8
30
38
19
25
22
19
12
19
26
25
4
25
27
31
34
42
28
38
21
33
32
5
35
43
35
31
36
6
9
34
23
28
27
11
20
32
9
36
22
15
23
35
30
23
33
25
26
