12
9
1
1
9
7
2
1
4
1
6
1
7
6
5
3
9
4
1
6
9
2
4
3
2
2
6
3
3
1
7
5
1
8
5
5
1
9
5
1
5
4
4
7
8
7
4
4
3
5
2
6
7
6
2
3
3
10
2
5
3
2
6
5
6
1
1
7
6
2
3
1
3
5
8
2
8
5
6
1
2
3
4
5
10
5
10
1
5
4
2
3
8
12
2
4
4
2
2
1
2
5
4
1
3
3
4
6
9
3
10
3
5
9
5
3
3
5
4
7
3
5
4
4
2
5
7
4
9
6
6
7
8
9
6
9
6
8
10
8
7
5
3
1
5
1
7
6
10
2
5
7
6
11
3
7
6
2
8
9
8
8
7
1
2
2
7
4
4
7
3
9
2
1
3
2
6
5
2
11
1
10
5
4
6
7
3
1
4
7
10
2
1
3
9
3
11
2
11
8
2
7
1
4
1
1
4
6
9
11
6
4
10
3
1
8
10
10
5
5
2
8
10
2
11
1
7
4
6
2
3
9
4
3
4
1
6
3
8
4
8
2
9
8
5
7
7
7
2
1
5
