28
1
1
18
1
11
2
1
2
13
1
2
1
28
13
2
2
3
1
15
8
13
15
3
11
4
2
2
10
4
11
1
13
8
3
18
2
4
5
6
24
4
18
12
25
8
2
15
9
5
6
7
13
4
3
13
14
4
18
12
9
25
13
5
25
19
10
17
21
20
14
14
14
14
13
14
7
3
9
11
22
5
4
24
11
2
12
2
22
14
5
5
6
22
16
23
1
5
6
26
17
2
8
3
18
14
3
18
2
21
5
16
15
3
19
22
12
7
17
12
9
7
14
4
17
9
21
15
19
26
3
16
12
8
6
16
22
3
3
15
12
11
19
6
20
5
8
2
15
7
9
9
1
11
19
16
6
14
24
10
5
7
21
10
7
16
16
10
27
6
8
11
9
4
15
20
6
7
4
21
8
15
10
5
22
3
23
7
17
16
19
7
13
10
12
20
27
18
14
19
15
25
5
9
12
23
16
17
3
20
23
21
15
9
13
20
19
11
9
6
7
12
10
17
21
4
11
22
23
23
17
7
4
21
17
10
11
23
9
21
8
17
18
5
20
1
6
18
10
8
18
