101
1
2
3
4
5
4
6
7
8
9
1
6
10
57
11
12
3
13
7
14
15
12
85
25
16
17
84
18
13
9
19
20
17
2
21
22
73
11
23
89
81
24
24
5
10
25
20
7
14
8
19
2
90
21
26
13
27
22
26
21
5
28
18
29
15
30
31
28
32
25
33
34
34
35
30
36
27
23
5
36
20
37
38
33
39
27
29
40
41
31
39
32
42
43
35
88
11
30
43
60
44
90
45
46
46
83
44
47
38
48
42
48
49
91
50
92
47
40
40
51
16
29
17
52
53
54
55
37
51
18
41
24
93
56
50
57
57
3
6
34
1
75
55
58
12
59
58
60
43
9
41
23
61
8
62
63
47
49
94
64
52
59
55
38
95
65
64
66
53
19
46
58
64
60
45
33
62
66
39
96
77
93
67
68
54
68
69
44
70
27
56
65
67
30
71
72
61
73
97
98
74
69
15
28
75
76
77
78
76
66
72
31
79
63
70
80
99
57
35
78
80
73
81
82
83
4
74
82
90
52
68
79
84
75
67
100
85
22
45
53
86
71
25
33
101
87
88
82
86
89
