60
1
2
1
13
3
4
2
4
5
1
6
15
2
7
39
4
7
7
5
26
8
9
5
3
10
46
6
11
8
9
11
4
31
45
29
3
43
12
1
1
10
13
8
5
7
6
11
12
46
12
47
14
22
15
14
55
13
41
48
12
49
16
15
17
46
18
37
56
6
17
18
44
16
1
19
16
15
5
18
12
9
20
15
45
48
19
21
4
50
43
48
17
46
47
7
57
6
20
22
23
9
11
22
24
14
59
19
24
21
27
25
10
26
27
25
8
28
3
18
23
29
42
25
26
4
9
12
28
50
30
14
13
28
29
28
58
56
31
7
32
42
31
51
32
45
31
30
49
57
22
23
52
51
19
11
27
5
20
48
33
32
21
10
29
34
18
34
13
27
33
35
10
50
23
36
26
37
2
25
4
24
47
33
33
55
28
17
35
20
31
49
51
34
17
36
35
27
52
55
38
22
38
53
54
37
48
34
3
28
59
39
40
19
41
38
33
36
49
60
41
39
54
25
40
42
39
52
53
42
33
36
26
43
42
47
36
14
30
40
44
40
20
37
21
24
54
58
45
41
44
