44
1
2
29
14
28
2
2
3
24
2
1
16
3
5
28
36
42
38
15
22
18
3
2
3
20
22
43
13
4
4
3
9
32
1
26
17
16
36
27
38
20
5
3
9
2
13
21
1
35
13
2
6
29
33
28
5
38
39
39
29
6
4
6
1
41
25
5
11
22
3
24
37
15
27
7
43
28
40
6
35
30
31
13
4
16
17
5
20
5
22
37
19
18
4
4
39
21
14
1
3
30
35
29
33
20
10
40
4
7
33
21
34
30
40
32
25
43
11
1
18
40
44
6
36
8
12
8
3
30
9
21
21
34
24
7
18
22
36
5
29
11
22
12
39
21
12
9
7
5
34
35
31
31
42
8
22
3
10
26
29
17
19
10
9
9
23
23
30
20
14
32
23
9
40
8
16
11
26
30
6
21
11
30
21
32
38
6
27
33
25
21
37
9
1
33
28
7
7
38
27
12
18
39
2
8
4
20
5
4
11
7
3
23
2
4
17
7
40
22
26
34
5
11
17
31
19
11
37
20
36
35
6
6
13
9
3
3
32
15
10
11
35
28
2
1
4
2
5
23
16
13
18
24
7
19
23
31
1
27
32
12
2
5
24
7
11
10
23
8
21
24
38
9
42
26
30
12
7
40
1
26
13
36
18
34
37
10
12
32
10
13
8
25
34
21
24
24
1
27
19
6
37
26
22
2
41
13
25
25
3
18
8
6
14
23
11
17
14
32
12
15
22
39
15
9
12
17
7
33
8
23
29
14
11
34
25
12
4
1
9
4
15
13
8
30
30
16
29
19
10
14
28
31
20
8
22
7
16
4
25
22
33
3
28
29
31
44
9
42
19
34
13
7
40
15
14
29
31
33
13
10
1
13
37
25
11
29
30
25
26
2
38
7
16
22
33
16
35
24
17
18
17
18
26
21
15
27
18
16
17
36
26
15
17
11
32
28
31
6
11
14
28
39
15
36
5
24
34
12
16
33
31
36
14
30
23
32
19
29
27
5
10
12
39
24
27
4
32
15
35
39
10
19
10
14
17
20
23
4
1
15
23
33
20
9
14
18
41
15
39
20
18
20
25
21
10
21
5
18
13
38
19
8
10
26
22
35
32
31
38
19
41
6
27
36
15
9
20
30
24
