108
1
2
3
4
63
1
3
80
5
4
5
6
4
2
7
6
8
9
3
7
1
10
8
9
2
6
11
4
5
84
11
12
103
82
8
47
4
8
13
85
14
12
10
15
16
49
12
107
86
10
14
13
7
25
80
15
17
54
82
18
16
11
17
13
19
72
1
5
13
105
20
21
16
9
15
22
74
23
24
84
21
12
1
19
18
87
19
16
20
46
78
23
25
81
22
82
10
76
25
14
95
24
26
27
15
28
14
27
98
11
23
29
30
28
5
84
18
89
24
86
25
31
19
26
24
75
29
8
20
30
32
3
92
33
102
32
47
77
9
87
107
28
27
34
2
25
72
79
31
34
29
31
88
33
44
7
35
22
32
36
89
10
106
88
36
21
37
87
13
36
99
32
25
38
6
15
30
8
22
18
37
39
16
39
90
29
20
40
86
41
35
31
42
27
89
21
17
14
43
34
42
38
41
44
39
104
42
42
40
26
91
37
74
45
90
11
75
38
32
43
28
23
79
35
44
29
40
33
9
70
38
85
43
60
103
26
46
47
48
48
49
45
47
5
82
50
46
48
46
91
33
37
24
50
24
81
43
20
83
41
49
92
15
51
52
53
19
93
50
4
93
13
40
52
89
99
51
94
27
105
51
90
92
49
10
83
53
54
95
47
54
55
86
54
76
2
96
90
37
44
79
48
44
26
52
3
97
17
41
23
45
56
17
53
8
93
55
73
57
56
48
52
41
43
46
21
49
58
84
57
56
55
59
104
108
107
54
59
51
106
26
42
60
28
45
61
61
59
106
57
34
38
60
62
58
63
1
88
39
83
60
98
55
62
63
62
64
22
61
60
41
35
35
48
65
61
66
64
30
95
63
96
67
65
102
68
30
68
64
67
96
69
56
70
70
69
50
61
66
85
27
59
65
66
74
33
67
70
53
58
81
71
59
72
65
97
16
73
47
18
63
98
94
70
87
85
27
68
29
19
74
39
52
99
71
73
40
36
64
72
51
75
43
98
76
69
74
76
99
68
77
45
66
75
38
74
88
78
100
78
77
79
63
12
57
71
78
80
100
101
36
46
104
50
101
69
97
30
81
102
62
82
83
80
103
57
36
65
79
7
97
67
73
71
76
31
53
75
83
58
