75
1
1
34
2
3
2
66
3
55
1
1
2
1
48
4
5
48
61
5
9
44
46
55
34
6
73
4
3
60
4
28
1
5
53
6
7
8
42
1
5
4
46
3
9
9
41
27
42
47
32
40
45
2
23
3
8
6
20
44
15
73
41
44
60
16
10
45
1
7
72
39
10
8
11
7
32
7
22
39
46
5
6
75
25
6
48
61
74
14
6
4
10
53
12
52
46
19
45
12
42
12
18
13
7
35
48
14
10
13
11
64
2
8
72
13
14
48
47
12
15
8
17
49
16
41
7
11
9
15
30
55
10
36
38
7
43
16
5
7
17
14
5
17
34
11
33
66
31
18
48
50
14
19
41
15
18
16
5
49
61
57
4
18
13
50
13
54
62
17
48
22
20
46
48
16
61
19
47
9
25
18
11
19
17
15
55
13
19
61
21
51
6
38
10
67
9
12
20
43
52
8
20
18
50
20
59
22
4
50
21
14
28
50
42
19
43
21
8
18
21
53
22
23
52
11
10
18
15
61
22
49
51
22
61
23
24
18
23
20
69
63
63
68
3
67
24
14
49
51
37
23
25
52
65
26
31
65
15
62
26
23
16
25
22
70
2
16
47
27
12
21
26
24
52
56
58
27
38
22
28
67
52
41
28
46
27
49
25
17
3
27
55
29
30
60
67
29
64
51
10
44
29
47
58
26
54
30
53
24
30
2
57
63
43
31
46
27
28
15
26
13
15
25
1
2
54
32
50
31
32
65
64
68
66
17
38
55
27
28
37
7
69
25
72
33
6
17
56
53
55
4
68
33
11
24
44
56
24
29
64
28
42
40
36
32
63
64
64
33
34
66
8
57
69
62
35
23
31
61
60
24
11
9
57
25
21
35
58
51
59
59
26
65
17
47
26
34
30
51
54
20
34
55
40
33
30
31
19
29
65
57
20
36
58
62
29
9
67
14
45
69
54
33
32
35
44
36
56
19
28
21
37
36
22
37
37
49
38
31
11
34
14
38
39
40
34
35
12
58
71
38
40
59
70
39
56
68
53
49
3
25
28
39
38
40
36
21
59
33
41
30
37
42
41
57
71
30
71
20
43
43
29
43
56
59
40
26
18
60
41
23
39
62
37
44
35
44
36
42
45
