20
1
1
10
6
1
17
11
10
9
8
6
1
16
2
1
8
6
7
1
9
3
11
8
7
13
9
12
2
2
5
6
4
6
14
18
13
1
9
5
2
8
1
15
8
2
11
10
7
8
3
7
5
1
2
7
2
6
19
2
5
1
9
16
4
4
14
2
7
9
9
11
13
3
12
1
4
18
5
17
8
1
2
14
11
4
1
12
6
3
7
10
7
1
7
9
9
6
8
7
8
1
3
4
15
3
7
6
8
16
19
10
4
1
5
3
15
13
2
1
2
5
10
17
6
4
12
18
3
3
12
9
16
20
7
1
1
11
6
11
6
4
3
11
1
3
14
9
8
1
3
11
10
4
4
8
15
17
14
15
18
5
5
11
18
10
18
6
17
7
4
3
12
15
11
11
11
5
16
5
7
13
7
16
3
14
13
2
8
7
13
9
2
11
4
15
7
12
8
3
5
12
8
6
3
8
13
4
8
14
7
7
2
8
4
10
17
12
15
2
8
8
17
6
10
13
14
4
13
17
15
16
7
5
5
14
3
6
5
19
10
7
2
11
1
6
6
11
5
1
12
10
6
10
16
13
15
3
8
6
16
7
8
5
9
13
5
11
8
19
4
9
13
12
10
12
2
2
15
3
1
4
14
18
10
10
8
1
1
15
7
14
6
9
10
12
11
14
12
12
16
15
3
3
8
2
4
8
11
15
20
12
9
1
13
4
3
8
10
8
1
4
2
4
12
3
6
1
2
16
3
4
13
5
15
9
6
19
6
8
3
4
17
15
11
9
9
10
6
7
17
5
9
2
14
4
3
7
5
7
9
18
3
2
5
5
11
12
3
18
5
9
2
14
13
10
16
1
9
6
8
13
1
7
14
11
4
3
14
12
8
5
19
5
2
4
14
2
13
5
5
7
16
3
14
14
15
18
3
10
11
12
6
5
7
2
14
11
4
13
9
6
15
2
2
6
17
8
5
13
11
10
5
12
3
17
3
10
3
8
5
12
1
14
6
13
10
12
12
7
3
13
9
18
2
5
4
2
5
8
7
4
3
1
4
2
6
2
5
8
12
10
3
2
13
1
10
9
9
11
4
17
14
4
16
18
6
11
15
12
1
3
16
6
3
4
7
16
4
7
4
