175
1
2
3
4
5
6
7
8
6
9
4
2
2
3
1
8
9
10
10
11
12
13
11
14
118
15
16
17
18
13
161
7
19
20
16
15
17
12
17
6
19
21
7
22
14
21
20
1
23
148
24
23
25
26
5
27
18
4
26
28
29
25
8
27
24
22
30
31
28
31
15
30
32
29
11
33
32
10
34
35
34
16
36
37
36
35
38
39
40
41
42
43
44
20
12
44
34
38
19
13
45
33
46
165
166
41
40
47
46
20
46
37
43
48
32
49
50
51
167
52
51
53
54
55
56
57
58
53
50
42
39
57
52
162
49
28
123
54
59
47
3
55
53
60
61
59
58
154
48
62
63
18
64
63
27
135
44
38
26
157
65
65
55
25
66
64
31
63
45
67
30
67
68
69
70
71
62
165
48
5
39
60
40
72
71
14
73
12
51
74
70
75
66
76
49
76
77
74
69
72
33
68
78
36
79
56
41
160
80
81
61
74
78
50
73
79
24
82
83
81
70
84
29
85
56
21
86
82
87
88
89
35
9
47
77
60
87
26
161
90
83
91
92
92
91
162
1
162
75
93
86
90
61
94
79
95
96
76
97
93
84
80
71
118
98
99
100
168
67
35
101
94
95
58
87
88
65
98
101
95
100
102
97
82
103
100
90
102
104
94
105
136
102
77
78
104
106
105
99
96
107
42
108
106
108
107
103
109
66
110
111
85
89
37
112
62
113
108
112
73
15
114
101
23
115
116
110
111
64
164
117
113
76
118
168
119
116
80
120
109
54
121
122
99
123
88
92
83
93
152
75
68
121
96
124
8
169
125
57
120
110
115
122
117
81
126
119
111
127
145
85
127
128
121
128
114
45
127
129
130
131
119
132
133
128
134
86
170
120
105
7
135
134
91
67
124
21
125
136
114
129
137
118
133
138
139
140
87
126
102
141
142
18
143
103
144
22
123
101
132
130
142
109
116
145
171
144
139
122
98
146
2
141
147
148
149
104
150
151
131
69
52
125
135
137
140
149
129
172
152
153
54
151
11
154
89
136
148
155
152
143
146
139
156
84
150
66
64
171
157
97
137
158
138
158
145
159
126
132
163
144
160
161
59
37
162
163
65
173
159
164
140
134
43
174
153
156
175
155
147
